[[3.94051193 0.01257    3.93570677 0.01272152]
 [3.85012621 0.02144    3.85059254 0.01886076]
 [3.85012143 0.02175    3.850511   0.01981013]
 [3.85012094 0.02173    3.85058672 0.01962025]
 [3.85011114 0.02173    3.85045607 0.01962025]
 [3.85011331 0.02173    3.85058311 0.01962025]
 [3.85012515 0.02173    3.85055562 0.01962025]
 [3.85012503 0.02174    3.85058513 0.02012658]
 [3.85011425 0.02173    3.85064817 0.01962025]
 [3.85011198 0.02175    3.85051735 0.01981013]
 [3.85012019 0.02173    3.85047295 0.01962025]
 [3.85012112 0.02174    3.85043894 0.02012658]
 [3.85012494 0.02173    3.85048005 0.01962025]
 [3.85011355 0.02174    3.8504773  0.02012658]
 [3.85011689 0.02154    3.8504234  0.02044304]
 [3.85011553 0.02175    3.85048649 0.01981013]
 [3.85012953 0.02174    3.85058903 0.02012658]
 [3.85011068 0.02175    3.85052726 0.01981013]
 [3.85012052 0.02174    3.85056831 0.02012658]
 [3.8501176  0.02154    3.85055381 0.02044304]
 [3.85011573 0.02173    3.85056935 0.01962025]
 [3.85011954 0.02175    3.85051277 0.01981013]
 [3.85012643 0.02174    3.8505421  0.02012658]
 [3.85011455 0.02175    3.85047932 0.01981013]
 [3.85011435 0.02174    3.85051734 0.02012658]
 [3.85011747 0.02175    3.8505359  0.01981013]
 [3.85011985 0.02174    3.85063986 0.02012658]
 [3.85010868 0.02175    3.85052912 0.01981013]
 [3.85012052 0.02175    3.85059206 0.01981013]
 [3.85012686 0.02175    3.85059962 0.01981013]
 [3.85012116 0.02147    3.85066065 0.0206962 ]
 [3.85012145 0.02175    3.85059954 0.01981013]
 [3.85012392 0.02174    3.85054215 0.02012658]
 [3.85011867 0.02175    3.8505204  0.01981013]
 [3.8501183  0.02175    3.85046639 0.01981013]
 [3.8501161  0.02175    3.85065745 0.01981013]
 [3.85012321 0.02144    3.85061901 0.02189873]
 [3.8501168  0.02174    3.85054354 0.02012658]
 [3.85011674 0.02174    3.85046615 0.02012658]
 [3.85011788 0.02173    3.85056567 0.01962025]
 [3.85011945 0.02173    3.85056631 0.01962025]
 [3.85011997 0.02174    3.85067918 0.02012658]
 [3.85011403 0.02175    3.85054078 0.01981013]
 [3.85012084 0.02175    3.85050686 0.01981013]
 [3.85011728 0.02174    3.85059476 0.02012658]
 [3.85012393 0.02173    3.85061459 0.01962025]
 [3.85012095 0.02173    3.85054527 0.01962025]
 [3.85012295 0.02173    3.85062468 0.01962025]
 [3.85012115 0.02175    3.85058199 0.01981013]
 [3.8501154  0.02175    3.85070076 0.01981013]
 [3.85011652 0.02175    3.85061993 0.01981013]
 [3.85012631 0.02175    3.85054441 0.01981013]
 [3.85010914 0.02173    3.85049939 0.01962025]
 [3.85011855 0.02173    3.85051955 0.01962025]
 [3.85012045 0.02174    3.8506722  0.02012658]
 [3.85012104 0.02175    3.85053654 0.01981013]
 [3.85011815 0.02174    3.85053126 0.02012658]
 [3.85011428 0.02175    3.85045306 0.01981013]
 [3.85011289 0.02174    3.85051155 0.02012658]
 [3.85011888 0.02174    3.8504557  0.02012658]
 [3.85012166 0.02173    3.85061966 0.01962025]
 [3.85013459 0.02175    3.85054325 0.01981013]
 [3.85012759 0.02173    3.85065399 0.01962025]
 [3.85011951 0.02174    3.85050192 0.02012658]
 [3.85013129 0.02173    3.85043302 0.01962025]
 [3.85011821 0.02174    3.85048118 0.02012658]
 [3.85012074 0.02174    3.85054766 0.02012658]
 [3.850122   0.02175    3.85054678 0.01981013]
 [3.85012458 0.02175    3.85059827 0.01981013]
 [3.85011665 0.02175    3.85061816 0.01981013]
 [3.8501203  0.02174    3.85061863 0.02012658]
 [3.85011936 0.02174    3.85056227 0.02012658]
 [3.85011141 0.02175    3.85055067 0.01981013]
 [3.85011223 0.02175    3.85057762 0.01981013]
 [3.85010704 0.02174    3.85051822 0.02012658]
 [3.85011357 0.02174    3.85051162 0.02012658]
 [3.85012186 0.02175    3.85059251 0.01981013]
 [3.85012018 0.02175    3.85067508 0.01981013]
 [3.85011168 0.02174    3.85060517 0.02012658]
 [3.85012256 0.02144    3.8506016  0.01886076]
 [3.85012894 0.02173    3.85065264 0.01962025]
 [3.85012051 0.02173    3.85072112 0.01962025]
 [3.85011709 0.02175    3.85049871 0.01981013]
 [3.85011906 0.02149    3.85054795 0.02012658]
 [3.85011358 0.02174    3.85050872 0.02012658]
 [3.8501193  0.02174    3.85062341 0.02012658]
 [3.8501261  0.02173    3.85050619 0.01962025]
 [3.8501231  0.02174    3.85047524 0.02012658]
 [3.85011889 0.02174    3.85038119 0.02012658]
 [3.85011314 0.02174    3.85046727 0.02012658]
 [3.85012212 0.02174    3.85068041 0.02012658]
 [3.85012227 0.02144    3.85066054 0.01886076]
 [3.8501156  0.02173    3.85065837 0.01962025]
 [3.85011164 0.02175    3.85054982 0.01981013]
 [3.85011881 0.02175    3.85047685 0.01981013]
 [3.85011413 0.02174    3.85061412 0.02012658]
 [3.85012535 0.02174    3.8505069  0.02012658]
 [3.85011866 0.02174    3.85055354 0.02012658]
 [3.85012246 0.02173    3.85054692 0.01962025]
 [3.85012459 0.02143    3.85055415 0.02107595]
 [3.85011498 0.02175    3.85052987 0.01981013]]